265474107666202634
5099970
175571075931963393
5087432
436630342821216256
1000033
221583885664780288
500019
282660110545846272
188343
417565263224111105
100612
261197351761346560
100072
316287332779163648
100011
294792101093310464
10000
397757028069539843
1632
201666361926221824
297
344359878153994241
209
432879426066317322
143
291560679293583360
130
330944769909850113
94
274579002759446529
90
225271196004909056
60
148775296366018560
58
190258608850599939
49
127849269934817280
48
344112219211956224
36
290466400475152384
33
176010271129731072
31
415467062622683157
29
408285695808110592
25
280019669572780043
23
278574255560720385
22
215086553460899840
22
240540438434545665
21
258404814029848576
20
160105994217586689
19
435938775072243714
18
328911947045273612
17
370586845886808067
16
403615533792231444
15
184405311681986560
7
268617672969682944
5
