282660110545846272
61
175571075931963393
130
365922652306538506
45
240540438434545665
40
265474107666202634
38
430776272474603536
34
434381468245164033
33
166111140298883072
31
244443703979016193
26
336140741963415553
26
200981001286057984
25
176010271129731072
25
221583885664780288
24
290466400475152384
23
330944769909850113
21
148775296366018560
20
258404814029848576
20
344112219211956224
20
215086553460899840
19
261197351761346560
19
408285695808110592
18
396310614232006667
17
412657136154443787
17
430426420808908812
16
294792101093310464
16
280019669572780043
15
435938775072243714
13
417565263224111105
12
268617672969682944
9
344359878153994241
8
437014251480285194
8
278574255560720385
6
415467062622683157
3
190258608850599939
3
291560679293583360
2
432879426066317322
2
